832996   1741149669000   1741149766000
998094   1741156999000   1741157083000
953750   1741159708000   1741159815000
953750   1741161943000   1741162031000
998094   1741165931000   1741166011000
998094   1741167396000   1741167462000
953750   1741168866000   1741168945000
998094   1741168963000   1741169044000
998094   1741168994000   1741169055000
998094   1741169837000   1741169946000
998094   1741171106000   1741171173000
998094   1741171117000   1741171183000
998094   1741181472000   1741181577000
832996   1741181659000   1741181734000
998094   1741181891000   1741181962000
