832996   1741474018000   1741474107000
998094   1741499060000   1741499125000
998094   1741503959000   1741504023000
998094   1741505123000   1741505233000
998094   1741505284000   1741505376000
998094   1741508909000   1741508978000
953750   1741513701000   1741513810000
953750   1741520605000   1741520702000
953750   1741530980000   1741531088000
998094   1741536332000   1741536397000
953750   1741544187000   1741544298000
953750   1741544247000   1741544308000
998094   1741544567000   1741544684000
998094   1741544587000   1741544691000
953750   1741546227000   1741546338000
998094   1741547884000   1741547989000
832996   1741548140000   1741548256000
832996   1741551294000   1741551355000
998094   1741551943000   1741552055000
953750   1741554625000   1741554737000
953750   1741555284000   1741555397000
953750   1741555532000   1741555644000
953750   1741555573000   1741555654000
953750   1741555563000   1741555664000
953750   1741557178000   1741557289000
953750   1741557619000   1741557729000
953750   1741558785000   1741558876000
953750   1741558813000   1741558886000
998094   1741561448000   1741561511000
953750   1741561520000   1741561629000
953750   1741562107000   1741562220000
832996   1741563128000   1741563215000
953750   1741566844000   1741566954000
832996   1741567382000   1741567449000
832996   1741569044000   1741569126000
953750   1741569566000   1741569680000
832996   1741571886000   1741571971000
832996   1741572980000   1741573045000
832996   1741575501000   1741575587000
953750   1741575829000   1741575943000
