953750   1741669550000   1741669661000
953750   1741670231000   1741670293000
953750   1741673147000   1741673258000
953750   1741673178000   1741673268000
832996   1741674431000   1741674506000
953750   1741677618000   1741677681000
832996   1741678080000   1741678178000
998094   1741678256000   1741678320000
953750   1741678232000   1741678337000
953750   1741678255000   1741678347000
998094   1741679065000   1741679129000
953750   1741684490000   1741684568000
953750   1741685717000   1741685787000
953750   1741690366000   1741690433000
953750   1741698715000   1741698820000
998094   1741704507000   1741704572000
998094   1741704518000   1741704623000
953750   1741707468000   1741707541000
953750   1741711196000   1741711259000
953750   1741713787000   1741713898000
953750   1741727684000   1741727753000
953750   1741727700000   1741727763000
953750   1741727732000   1741727816000
953750   1741732412000   1741732524000
998094   1741733511000   1741733575000
998094   1741739049000   1741739161000
953750   1741740603000   1741740665000
953750   1741740614000   1741740696000
953750   1741741018000   1741741130000
953750   1741741063000   1741741140000
832996   1741741086000   1741741159000
998094   1741745403000   1741745497000
953750   1741746096000   1741746206000
953750   1741747175000   1741747252000
953750   1741748483000   1741748602000
998094   1741748532000   1741748644000
998094   1741748550000   1741748655000
953750   1741748747000   1741748808000
953750   1741748736000   1741748819000
953750   1741748788000   1741748850000
953750   1741748767000   1741748860000
953750   1741749154000   1741749265000
953750   1741749898000   1741749960000
953750   1741750484000   1741750551000
953750   1741752909000   1741752971000
832996   1741753407000   1741753523000
953750   1741754236000   1741754351000
998094   1741754937000   1741755040000
953750   1741756956000   1741757066000
953750   1741756976000   1741757073000
953750   1741757016000   1741757083000
953750   1741757006000   1741757101000
953750   1741757838000   1741757900000
953750   1741758731000   1741758819000
998094   1741761307000   1741761407000
