953750   1741100915000   1741100976000
998094   1741101533000   1741101644000
998094   1741102022000   1741102109000
998094   1741103039000   1741103129000
998094   1741103821000   1741103931000
953750   1741104120000   1741104222000
953750   1741104696000   1741104809000
832996   1741105568000   1741105638000
953750   1741105788000   1741105869000
953750   1741105797000   1741105879000
953750   1741106771000   1741106881000
953750   1741108207000   1741108318000
998094   1741108316000   1741108383000
998094   1741109548000   1741109609000
998094   1741110351000   1741110460000
953750   1741110579000   1741110690000
953750   1741110604000   1741110700000
998094   1741111683000   1741111796000
953750   1741111783000   1741111889000
953750   1741112275000   1741112341000
998094   1741113280000   1741113344000
998094   1741114942000   1741115009000
953750   1741115437000   1741115547000
953750   1741116742000   1741116809000
953750   1741120524000   1741120588000
953750   1741120950000   1741121031000
953750   1741121668000   1741121762000
953750   1741122444000   1741122554000
953750   1741124662000   1741124773000
953750   1741127572000   1741127640000
832996   1741129061000   1741129169000
953750   1741130863000   1741130974000
953750   1741132974000   1741133038000
998094   1741135861000   1741135946000
953750   1741137208000   1741137273000
998094   1741137201000   1741137292000
998094   1741137282000   1741137351000
998094   1741137524000   1741137596000
998094   1741139215000   1741139278000
