832996   1741318479000   1741318550000
953750   1741318940000   1741319006000
832996   1741319022000   1741319105000
953750   1741319347000   1741319462000
998094   1741319467000   1741319572000
953750   1741319891000   1741319999000
953750   1741320270000   1741320358000
998094   1741320772000   1741320835000
953750   1741322312000   1741322421000
953750   1741322342000   1741322431000
953750   1741322332000   1741322413000
998094   1741324560000   1741324621000
998094   1741324591000   1741324684000
998094   1741331814000   1741331928000
998094   1741331875000   1741331938000
953750   1741332146000   1741332209000
998094   1741332349000   1741332457000
953750   1741333012000   1741333123000
998094   1741334207000   1741334318000
953750   1741334383000   1741334453000
832996   1741334391000   1741334454000
998094   1741334605000   1741334716000
953750   1741334866000   1741334976000
953750   1741335006000   1741335083000
953750   1741335294000   1741335404000
953750   1741335328000   1741335411000
998094   1741339260000   1741339371000
953750   1741339799000   1741339894000
998094   1741339855000   1741339966000
953750   1741340612000   1741340673000
998094   1741340656000   1741340717000
998094   1741341482000   1741341593000
953750   1741341806000   1741341875000
953750   1741342585000   1741342655000
953750   1741343058000   1741343170000
953750   1741343502000   1741343612000
953750   1741344983000   1741345095000
953750   1741346455000   1741346554000
998094   1741346555000   1741346662000
998094   1741346582000   1741346672000
998094   1741346573000   1741346652000
953750   1741346664000   1741346725000
998094   1741347201000   1741347317000
998094   1741347229000   1741347321000
998094   1741347222000   1741347315000
953750   1741347343000   1741347456000
953750   1741347899000   1741348004000
953750   1741347931000   1741348014000
998094   1741348780000   1741348850000
998094   1741349523000   1741349634000
953750   1741349985000   1741350096000
998094   1741355249000   1741355314000
953750   1741355463000   1741355579000
998094   1741356100000   1741356170000
953750   1741356233000   1741356347000
953750   1741356964000   1741357080000
953750   1741356983000   1741357090000
953750   1741357810000   1741357920000
998094   1741358047000   1741358158000
832996   1741359994000   1741360055000
832996   1741360522000   1741360586000
953750   1741361297000   1741361408000
998094   1741365177000   1741365291000
998094   1741365211000   1741365301000
998094   1741365201000   1741365278000
953750   1741367357000   1741367443000
998094   1741376695000   1741376799000
998094   1741389200000   1741389263000
998094   1741390613000   1741390678000
998094   1741391142000   1741391213000
953750   1741392948000   1741393058000
953750   1741395297000   1741395408000
953750   1741395979000   1741396052000
953750   1741396604000   1741396669000
953750   1741398171000   1741398283000
953750   1741398195000   1741398263000
953750   1741398472000   1741398533000
953750   1741398523000   1741398613000
953750   1741398556000   1741398623000
953750   1741399688000   1741399753000
832996   1741400919000   1741400986000
953750   1741402986000   1741403097000
953750   1741403045000   1741403106000
953750   1741404017000   1741404130000
953750   1741404060000   1741404140000
953750   1741407017000   1741407111000
953750   1741407012000   1741407127000
953750   1741408355000   1741408467000
953750   1741408363000   1741408478000
953750   1741410894000   1741411005000
998094   1741416477000   1741416542000
998094   1741416483000   1741416552000
998094   1741417482000   1741417547000
998094   1741420147000   1741420250000
832996   1741426320000   1741426427000
953750   1741427150000   1741427215000
998094   1741431261000   1741431324000
998094   1741431597000   1741431713000
998094   1741435198000   1741435261000
998094   1741446342000   1741446407000
998094   1741446348000   1741446417000
998094   1741447359000   1741447469000
998094   1741447420000   1741447494000
953750   1741447491000   1741447557000
953750   1741453805000   1741453870000
953750   1741454478000   1741454543000
832996   1741455181000   1741455258000
