953750   1741187201000   1741187265000
953750   1741187206000   1741187275000
998094   1741189529000   1741189639000
953750   1741190214000   1741190293000
998094   1741191864000   1741191970000
998094   1741192574000   1741192684000
998094   1741197532000   1741197606000
953750   1741198874000   1741198942000
998094   1741199393000   1741199503000
953750   1741199491000   1741199559000
998094   1741207122000   1741207203000
953750   1741207169000   1741207280000
998094   1741210005000   1741210115000
998094   1741210035000   1741210146000
998094   1741210637000   1741210698000
998094   1741216843000   1741216908000
953750   1741217376000   1741217461000
953750   1741218343000   1741218444000
953750   1741218384000   1741218454000
953750   1741218373000   1741218434000
998094   1741218721000   1741218803000
998094   1741218760000   1741218834000
998094   1741218780000   1741218844000
953750   1741219251000   1741219362000
953750   1741220667000   1741220751000
953750   1741223552000   1741223619000
998094   1741224883000   1741224971000
998094   1741224910000   1741225014000
998094   1741227021000   1741227109000
832996   1741228161000   1741228244000
832996   1741228178000   1741228280000
998094   1741231781000   1741231863000
998094   1741232502000   1741232594000
998094   1741232903000   1741233013000
998094   1741233020000   1741233097000
953750   1741236388000   1741236502000
