998094   1741305185000   1741305253000
953750   1741305527000   1741305607000
953750   1741305665000   1741305761000
998094   1741307615000   1741307703000
953750   1741307728000   1741307819000
953750   1741308180000   1741308290000
953750   1741311796000   1741311904000
953750   1741311853000   1741311914000
953750   1741312347000   1741312461000
998094   1741314037000   1741314112000
953750   1741314214000   1741314324000
998094   1741314404000   1741314492000
953750   1741314591000   1741314682000
953750   1741314612000   1741314692000
953750   1741314632000   1741314722000
998094   1741314899000   1741315008000
998094   1741314931000   1741315018000
953750   1741315101000   1741315212000
998094   1741315414000   1741315479000
953750   1741316101000   1741316162000
