953750   1741241844000   1741241930000
832996   1741244643000   1741244728000
998094   1741244762000   1741244843000
998094   1741244757000   1741244854000
953750   1741244777000   1741244889000
953750   1741244909000   1741244979000
998094   1741244964000   1741245058000
953750   1741245030000   1741245150000
998094   1741245325000   1741245435000
998094   1741245781000   1741245852000
998094   1741245771000   1741245832000
998094   1741245872000   1741245942000
998094   1741247201000   1741247262000
998094   1741247858000   1741247919000
998094   1741247853000   1741247930000
998094   1741247853000   1741247940000
832996   1741247880000   1741247957000
953750   1741249010000   1741249096000
998094   1741249483000   1741249574000
998094   1741250351000   1741250458000
998094   1741254555000   1741254667000
998094   1741254925000   1741255017000
998094   1741254939000   1741255027000
998094   1741254929000   1741255014000
953750   1741256883000   1741256975000
953750   1741256904000   1741256992000
998094   1741258227000   1741258337000
998094   1741258629000   1741258739000
998094   1741261195000   1741261282000
998094   1741261412000   1741261482000
998094   1741261627000   1741261741000
998094   1741261782000   1741261848000
998094   1741262246000   1741262309000
998094   1741264413000   1741264504000
65254586   1741264453000   1741264567000
998094   1741265521000   1741265632000
65254586   1741269062000   1741269174000
953750   1741273912000   1741273977000
998094   1741274242000   1741274354000
998094   1741274753000   1741274818000
998094   1741274838000   1741274943000
998094   1741277137000   1741277248000
998094   1741278233000   1741278305000
998094   1741278223000   1741278287000
953750   1741281928000   1741282000000
832996   1741283221000   1741283285000
